 4.3
 4.7
 5.1
crowd: 3.39 5.9
crowd: 3.73 6.3
crowd: 4.15 6.7
crowd: 4.21 7.1
crowd: 4.22 7.5
 7.5
 7.9
crowd: 4.2 7.9
crowd: 4.69 8.3
 8.3
 8.7
crowd: 4.35 8.7
 9.1
crowd: 3.99 9.1
 9.5
 9.9
 10.3
 10.7
 10.7
 11.1
crowd: 3.38 11.1
 11.5
crowd: 3.84 11.5
crowd: 4.75 11.9
 11.9
 12.3
crowd: 4.57 12.3
 12.7
crowd: 4.55 12.7
 13.1
crowd: 4.16 13.1
 13.5
crowd: 3.36 13.5
 13.9
 15.1
 15.5
 15.9
crowd: 3.37 15.9
 16.3
crowd: 3.35 16.3
 16.7
crowd: 3.12 16.7
 17.1
crowd: 3.27 17.1
 17.5
crowd: 3.03 17.5
 17.9
crowd: 3.15 17.9
 18.3
crowd: 3.28 18.3
 18.7
crowd: 3.91 18.7
 19.1
crowd: 4.13 19.1
 19.5
crowd: 4.16 19.5
 19.9
crowd: 4.0 19.9
 20.3
crowd: 3.31 20.3
 20.7
crowd: 3.37 20.7
 21.1
crowd: 3.6 21.1
 21.5
crowd: 3.65 21.5
 21.9
crowd: 3.11 21.9
 22.3
crowd: 3.3 22.3
 22.7
crowd: 3.35 22.7
 23.1
 23.5
 23.9
crowd: 3.05 23.9
 24.3
crowd: 3.18 24.3
 24.7
 25.1
 25.5
 25.9
 26.3
crowd: 3.03 26.3
crowd: 3.06 27.9
 28.3
crowd: 3.69 28.3
crowd: 3.63 28.7
 28.7
crowd: 3.56 29.1
 29.1
crowd: 4.5 29.5
 29.5
 29.9
crowd: 4.33 29.9
 30.3
crowd: 3.76 30.3
 30.7
 31.1
crowd: 3.03 31.1
 32.7
crowd: 3.04 32.7
 33.1
 33.5
 33.9
crowd: 4.03 33.9
 34.3
crowd: 4.31 34.3
 34.7
crowd: 4.19 34.7
 35.1
crowd: 4.34 35.1
 35.5
crowd: 4.12 35.5
 35.9
crowd: 3.98 35.9
 36.3
crowd: 3.99 36.3
 36.7
crowd: 3.77 36.7
 37.1
crowd: 3.17 37.1
 37.5
crowd: 3.42 37.5
 37.9
crowd: 3.49 37.9
 38.3
crowd: 3.74 38.3
 38.7
crowd: 3.49 38.7
 39.1
crowd: 3.8 39.1
 39.5
crowd: 3.97 39.5
 39.9
crowd: 3.81 39.9
 40.3
crowd: 3.85 40.3
 40.7
crowd: 3.98 40.7
 41.1
crowd: 4.07 41.1
 41.5
crowd: 4.54 41.5
 41.9
crowd: 3.81 41.9
 42.3
crowd: 3.27 42.3
 42.7
 43.1
 57.1
 57.5
 57.9
 58.7
crowd: 3.17 58.7
crowd: 4.27 59.1
 59.1
crowd: 4.07 59.5
 59.5
 59.9
crowd: 3.85 59.9
 60.3
crowd: 3.58 60.3
crowd: 4.03 60.7
 60.7
crowd: 4.29 61.1
crowd: 4.54 61.5
crowd: 4.26 61.9
 61.9
crowd: 3.86 62.3
crowd: 3.78 62.7
crowd: 4.34 63.1
crowd: 3.76 63.5
crowd: 3.73 63.9
crowd: 3.61 64.3
crowd: 4.37 64.7
 64.7
 65.1
crowd: 4.21 65.1
 65.5
crowd: 3.65 65.5
 65.9
crowd: 3.12 66.3
 66.7
crowd: 4.14 66.7
 67.1
crowd: 4.5 67.1
crowd: 4.02 67.5
 67.5
 67.9
crowd: 3.16 67.9
 69.1
 69.5
 69.9
 70.3
 70.7
 71.1
 72.7
crowd: 3.03 75.5
crowd: 3.48 75.9
crowd: 3.3 76.3
crowd: 3.14 76.7
 76.7
 77.1
crowd: 3.53 77.5
 77.9
crowd: 3.21 77.9
 78.3
crowd: 3.29 78.7
 78.7
crowd: 3.83 79.1
 79.1
 79.1
crowd: 3.82 79.5
crowd: 3.96 79.9
 79.9
 79.9
crowd: 3.37 80.3
crowd: 4.48 80.7
 80.7
 80.7
crowd: 5.22 81.1
 81.1
crowd: 5.75 81.5
 81.5
crowd: 5.37 81.9
 81.9
crowd: 4.24 82.3
crowd: 3.62 82.7
 83.1
 83.5
running: 3.52 83.9
 83.9
running: 3.23 84.3
crowd: 3.53 84.7
crowd: 4.34 85.1
 85.1
crowd: 4.29 85.5
 85.5
crowd: 3.86 85.9
spray: 3.56 85.9
crowd: 3.1 86.3
crowd: 3.88 86.7
 86.7
 87.1
 87.5
crowd: 3.18 87.5
crowd: 3.93 87.9
 87.9
crowd: 4.65 88.3
 88.3
crowd: 4.69 88.7
 88.7
crowd: 4.31 89.1
 89.1
crowd: 3.44 89.5
spray: 3.02 90.3
 90.7
 91.1
 91.5
crowd: 3.25 91.5
 91.9
 95.5
 95.9
crowd: 3.38 95.9
 96.3
crowd: 4.08 96.3
crowd: 4.18 96.7
 96.7
 97.1
crowd: 4.04 97.1
 97.5
crowd: 3.32 97.5
 97.9
 98.3
 98.7
 99.1
 99.5
 99.9
 100.3
 100.7
 101.1
 101.5
 101.9
 102.3
crowd: 3.26 102.3
 102.7
crowd: 3.22 102.7
 103.1
crowd: 3.75 103.1
 103.5
crowd: 3.71 103.5
crowd: 4.97 103.9
 103.9
crowd: 4.93 104.3
 104.3
crowd: 4.14 104.7
 104.7
 105.1
crowd: 3.2 105.1
crowd: 3.88 105.5
 105.5
crowd: 4.24 105.9
 105.9
 105.9
 106.3
crowd: 3.32 106.3
 106.7
 107.1
 107.5
crowd: 3.07 108.3
crowd: 3.62 109.9
 109.9
crowd: 4.37 110.3
 110.3
crowd: 4.67 110.7
 110.7
crowd: 4.96 111.1
 111.1
crowd: 5.25 111.5
 111.5
crowd: 5.46 111.9
 111.9
crowd: 5.27 112.3
 112.3
crowd: 4.92 112.7
 112.7
crowd: 4.92 113.1
 113.1
crowd: 5.12 113.5
 113.5
crowd: 5.07 113.9
 113.9
crowd: 5.38 114.3
 114.3
crowd: 5.3 114.7
crowd: 5.33 115.1
 115.1
crowd: 4.76 115.5
 115.5
crowd: 4.81 115.9
 115.9
crowd: 3.94 116.3
crowd: 3.89 116.7
 116.7
 117.5
 117.5
 117.9
 117.9
crowd: 4.18 118.3
 118.3
crowd: 4.81 118.7
crowd: 4.33 119.1
crowd: 3.85 119.5
crowd: 4.33 119.9
 119.9
crowd: 3.93 120.3
 120.3
crowd: 3.57 120.7
crowd: 3.81 121.1
crowd: 3.69 121.5
crowd: 3.8 121.9
crowd: 3.5 122.3
crowd: 3.91 122.7
crowd: 3.85 123.1
crowd: 4.31 123.5
crowd: 4.55 123.9
crowd: 5.04 124.3
 124.3
crowd: 5.26 124.7
 124.7
crowd: 4.74 125.1
crowd: 4.5 125.5
crowd: 3.57 125.9
crowd: 4.24 126.3
crowd: 5.18 126.7
crowd: 5.46 127.1
crowd: 5.43 127.5
crowd: 5.27 127.9
crowd: 4.24 128.3
crowd: 4.57 128.7
crowd: 5.16 129.1
crowd: 5.37 129.5
crowd: 5.69 129.9
crowd: 6.29 130.3
crowd: 6.4 130.7
 130.7
crowd: 6.28 131.1
 131.1
crowd: 5.96 131.5
 131.5
crowd: 6.02 131.9
 131.9
crowd: 5.04 132.3
 132.3
crowd: 5.11 132.7
 132.7
crowd: 4.94 133.1
 135.1
 135.5
 135.9
 136.3
crowd: 3.77 136.7
 136.7
crowd: 3.34 137.1
spray: 3.24 139.9
crowd: 3.07 142.7
crowd: 4.1 143.1
 143.1
crowd: 4.36 143.5
crowd: 3.33 143.9
 145.1
 145.5
crowd: 3.43 145.5
 149.9
 150.3
 150.7
 152.7
crowd: 4.19 153.1
 153.1
 153.1
crowd: 3.31 153.5
 153.5
 153.9
crowd: 4.54 158.7
 158.7
crowd: 5.19 159.1
 159.1
crowd: 4.27 159.5
crowd: 3.53 159.9
crowd: 3.13 160.3
crowd: 3.15 161.5
crowd: 4.23 161.9
 161.9
crowd: 4.0 162.3
 162.3
 162.7
crowd: 3.64 162.7
 163.1
crowd: 3.62 163.1
crowd: 4.2 163.5
 163.5
 163.9
crowd: 3.8 163.9
 164.3
crowd: 3.58 166.7
 166.7
crowd: 3.39 167.1
 167.1
crowd: 3.83 167.5
 167.5
crowd: 4.03 167.9
 167.9
crowd: 4.53 168.3
 168.3
crowd: 4.13 168.7
 168.7
crowd: 3.85 169.1
 169.1
crowd: 4.1 169.5
 169.5
crowd: 4.22 169.9
 169.9
crowd: 4.27 170.3
 170.3
crowd: 3.36 170.7
crowd: 3.24 171.1
 171.1
 171.5
crowd: 3.52 171.5
 171.9
crowd: 3.2 171.9
 172.3
 172.7
crowd: 3.17 172.7
crowd: 3.76 173.1
 173.1
crowd: 4.57 173.5
 173.5
crowd: 4.74 173.9
 173.9
crowd: 4.78 174.3
 174.3
crowd: 4.69 174.7
 174.7
crowd: 4.67 175.1
 175.1
crowd: 4.13 175.5
 175.5
crowd: 4.32 175.9
 175.9
crowd: 4.41 176.3
 176.3
crowd: 4.19 176.7
 176.7
crowd: 3.73 177.1
crowd: 3.94 177.5
crowd: 4.09 177.9
crowd: 4.6 178.3
crowd: 4.84 178.7
 178.7
crowd: 4.79 179.1
 179.1
crowd: 4.76 179.5
 179.5
 179.9
crowd: 4.65 179.9
 180.3
crowd: 3.92 180.3
 180.7
 181.1
 181.5
crowd: 4.08 181.9
 181.9
crowd: 4.77 182.3
 182.3
crowd: 5.3 182.7
 182.7
crowd: 5.24 183.1
 183.1
crowd: 5.45 183.5
 183.5
crowd: 5.5 183.9
 183.9
crowd: 5.33 184.3
crowd: 4.91 184.7
crowd: 4.43 185.1
crowd: 3.61 185.5
crowd: 3.04 186.3
crowd: 3.05 187.1
crowd: 3.7 187.5
crowd: 3.86 187.9
crowd: 3.82 188.3
crowd: 3.44 188.7
crowd: 3.87 189.1
crowd: 4.7 189.5
crowd: 4.89 189.9
 189.9
crowd: 4.99 190.3
 190.3
crowd: 4.83 190.7
 190.7
crowd: 5.08 191.1
 191.1
crowd: 5.36 191.5
 191.5
crowd: 5.42 191.9
 191.9
crowd: 5.59 192.3
 192.3
crowd: 5.77 192.7
 192.7
crowd: 6.63 193.1
 193.1
crowd: 6.19 193.5
 193.5
crowd: 5.6 193.9
 193.9
crowd: 5.57 194.3
 194.3
crowd: 5.12 194.7
 194.7
crowd: 5.1 195.1
 195.1
crowd: 4.51 195.5
 195.5
crowd: 4.59 195.9
crowd: 4.14 196.3
crowd: 4.34 196.7
crowd: 4.08 197.1
crowd: 6.1 197.5
 197.5
crowd: 5.95 197.9
 197.9
crowd: 5.98 198.3
 198.3
crowd: 5.17 198.7
 198.7
crowd: 3.75 199.1
 199.1
crowd: 3.26 199.5
crowd: 3.59 199.9
crowd: 3.09 201.1
crowd: 4.86 201.5
 201.5
crowd: 4.77 201.9
crowd: 4.64 202.3
crowd: 4.52 202.7
crowd: 4.85 203.1
crowd: 4.21 203.5
crowd: 3.85 203.9
crowd: 3.76 204.3
crowd: 4.59 204.7
crowd: 5.07 205.1
crowd: 4.99 205.5
crowd: 4.37 205.9
crowd: 4.73 206.3
crowd: 4.8 206.7
crowd: 4.62 207.1
crowd: 4.93 207.5
crowd: 5.29 207.9
crowd: 5.8 208.3
crowd: 5.5 208.7
 208.7
crowd: 3.5 209.1
crowd: 3.62 210.7
crowd: 3.52 211.1
crowd: 4.24 211.5
crowd: 5.66 211.9
crowd: 5.62 212.3
crowd: 5.46 212.7
crowd: 4.64 213.1
crowd: 3.88 213.5
crowd: 3.31 213.9
crowd: 3.79 214.3
crowd: 3.74 214.7
crowd: 4.69 215.1
crowd: 4.65 215.5
crowd: 4.9 215.9
crowd: 4.62 216.3
crowd: 4.73 216.7
crowd: 4.06 217.1
crowd: 3.86 217.5
crowd: 3.93 217.9
crowd: 3.17 218.3
crowd: 3.18 218.7
crowd: 4.12 219.1
crowd: 4.95 219.5
 219.5
crowd: 5.76 219.9
 219.9
crowd: 5.62 220.3
 220.3
crowd: 5.39 220.7
 220.7
crowd: 5.79 221.1
 221.1
crowd: 5.39 221.5
crowd: 5.97 221.9
crowd: 5.06 222.3
crowd: 4.8 222.7
crowd: 3.09 223.1
crowd: 4.98 223.5
crowd: 5.63 223.9
 223.9
crowd: 6.4 224.3
 224.3
crowd: 5.86 224.7
 224.7
crowd: 5.15 225.1
 225.1
crowd: 4.76 225.5
 225.5
crowd: 5.0 225.9
 225.9
crowd: 5.01 226.3
crowd: 5.58 226.7
 226.7
crowd: 5.3 227.1
 227.1
crowd: 4.97 227.5
crowd: 4.66 227.9
crowd: 4.83 228.3
crowd: 4.83 228.7
crowd: 4.97 229.1
crowd: 4.62 229.5
crowd: 4.59 229.9
crowd: 4.65 230.3
crowd: 5.12 230.7
crowd: 5.1 231.1
crowd: 4.8 231.5
crowd: 4.3 231.9
crowd: 4.67 232.3
crowd: 4.94 232.7
crowd: 5.32 233.1
crowd: 4.45 233.5
 233.5
crowd: 4.93 233.9
 233.9
crowd: 4.76 234.3
 234.3
crowd: 5.65 234.7
 234.7
crowd: 5.82 235.1
 235.1
crowd: 5.6 235.5
 235.5
crowd: 5.18 235.9
 235.9
crowd: 5.16 236.3
crowd: 3.72 236.7
crowd: 3.74 237.9
 237.9
 238.3
crowd: 3.37 238.3
arresting: 3.38 239.9
 241.5
arresting: 3.3 246.3
arresting: 3.93 246.7
person_on_ground: 3.43 246.7
arresting: 3.68 247.1
person_on_ground: 3.17 247.1
arresting: 3.25 247.5
arresting: 3.57 247.9
arresting: 3.22 248.3
 251.5
 251.9
 252.3
 253.5
 253.9
 254.3
 255.1
 255.5
 255.9
 258.3
crowd: 3.21 265.5
 269.5
crowd: 3.17 269.5
 269.9
crowd: 3.57 269.9
 270.3
crowd: 3.32 270.3
 270.7
crowd: 3.45 270.7
 271.1
 272.3
 272.7
 273.1
crowd: 3.24 273.1
 273.5
 273.9
 274.3
 274.7
 275.1
 275.5
crowd: 3.35 275.5
 275.9
crowd: 3.57 275.9
 276.3
crowd: 3.77 276.3
 276.7
 277.1
crowd: 4.11 277.1
 277.5
crowd: 4.34 277.5
 277.9
crowd: 4.75 277.9
 278.3
crowd: 4.8 278.3
crowd: 4.41 278.7
 278.7
crowd: 4.64 279.1
 279.1
crowd: 5.04 279.5
 279.5
crowd: 5.25 279.9
 279.9
crowd: 5.44 280.3
 280.3
crowd: 5.35 280.7
 280.7
crowd: 5.56 281.1
 281.1
crowd: 5.49 281.5
 281.5
crowd: 5.54 281.9
 281.9
crowd: 4.81 282.3
 282.3
crowd: 4.73 282.7
 282.7
crowd: 5.25 283.1
 283.1
crowd: 5.14 283.5
 283.5
crowd: 5.31 283.9
 283.9
crowd: 5.26 284.3
 284.3
crowd: 5.05 284.7
 284.7
crowd: 4.74 285.1
 285.1
crowd: 4.56 285.5
 285.5
crowd: 5.37 285.9
 285.9
crowd: 5.38 286.3
 286.3
crowd: 5.43 286.7
 286.7
crowd: 5.78 287.1
 287.1
crowd: 6.12 287.5
 287.5
crowd: 5.67 287.9
 287.9
crowd: 5.46 288.3
 288.3
crowd: 5.66 288.7
 288.7
crowd: 5.75 289.1
 289.1
crowd: 4.51 289.5
 289.5
crowd: 5.08 289.9
 289.9
crowd: 5.05 290.3
 290.3
crowd: 5.53 290.7
crowd: 4.92 291.1
crowd: 4.67 291.5
crowd: 4.6 291.9
crowd: 6.03 292.3
 292.3
crowd: 6.57 292.7
 292.7
crowd: 6.63 293.1
 293.1
crowd: 6.49 293.5
 293.5
crowd: 6.53 293.9
 293.9
crowd: 6.75 294.3
 294.3
crowd: 6.85 294.7
 294.7
crowd: 6.87 295.1
 295.1
crowd: 6.88 295.5
 295.5
crowd: 6.92 295.9
crowd: 6.86 296.3
crowd: 6.41 296.7
crowd: 5.67 297.1
crowd: 5.07 297.5
crowd: 5.04 297.9
crowd: 5.08 298.3
 298.3
crowd: 3.93 298.7
 298.7
crowd: 3.48 299.1
crowd: 3.39 299.5
crowd: 3.57 299.9
crowd: 4.54 300.3
crowd: 4.94 300.7
crowd: 4.87 301.1
crowd: 4.68 301.5
 301.9
crowd: 3.35 301.9
 302.3
 302.7
crowd: 3.33 305.5
crowd: 3.98 305.9
crowd: 5.04 306.3
crowd: 5.28 306.7
crowd: 5.98 307.1
crowd: 6.1 307.5
 307.5
crowd: 5.91 307.9
 307.9
crowd: 5.61 308.3
crowd: 5.7 308.7
 308.7
crowd: 5.71 309.1
 309.1
crowd: 5.35 309.5
crowd: 5.29 309.9
crowd: 5.52 310.3
crowd: 6.18 310.7
crowd: 5.95 311.1
crowd: 5.63 311.5
 311.5
crowd: 5.53 311.9
 311.9
crowd: 5.65 312.3
 312.3
crowd: 5.66 312.7
 312.7
crowd: 4.98 313.1
 313.1
crowd: 4.57 313.5
crowd: 4.94 313.9
crowd: 5.31 314.3
 314.3
crowd: 5.22 314.7
 314.7
crowd: 5.21 315.1
 315.1
crowd: 5.32 315.5
 315.5
crowd: 5.25 315.9
 315.9
crowd: 5.29 316.3
 316.3
crowd: 5.28 316.7
 316.7
crowd: 5.25 317.1
 317.1
crowd: 5.04 317.5
 317.5
crowd: 4.9 317.9
 317.9
crowd: 4.49 318.3
 318.3
crowd: 4.42 318.7
 318.7
crowd: 4.93 319.1
 319.1
crowd: 4.46 319.5
 319.5
crowd: 4.71 319.9
 319.9
 320.3
crowd: 4.51 320.3
 320.7
crowd: 4.25 320.7
 321.1
crowd: 4.06 321.1
 321.5
crowd: 3.2 321.5
 321.9
crowd: 3.31 321.9
 322.3
 323.9
crowd: 4.65 324.3
 324.3
crowd: 5.37 324.7
 324.7
crowd: 5.65 325.1
crowd: 6.02 325.5
 325.5
crowd: 6.1 325.9
 325.9
crowd: 5.89 326.3
 326.3
crowd: 5.8 326.7
 326.7
crowd: 5.94 327.1
 327.1
crowd: 5.65 327.5
 327.5
crowd: 5.36 327.9
 327.9
crowd: 4.97 328.3
 328.3
crowd: 4.44 328.7
 328.7
 329.1
crowd: 3.1 329.1
 330.3
crowd: 3.41 332.7
crowd: 4.65 333.1
 333.1
crowd: 5.46 333.5
 333.5
crowd: 5.27 333.9
 333.9
crowd: 5.3 334.3
 334.3
 334.7
crowd: 5.03 334.7
 335.1
crowd: 4.92 335.1
 335.5
crowd: 4.92 335.5
 335.9
crowd: 4.96 335.9
crowd: 4.84 336.3
 336.3
crowd: 4.53 336.7
 336.7
crowd: 4.05 337.1
crowd: 4.15 337.5
crowd: 4.12 337.9
 337.9
crowd: 4.18 338.3
 338.3
 338.7
crowd: 4.42 338.7
 339.1
crowd: 4.59 339.1
 339.5
crowd: 4.84 339.5
crowd: 5.41 339.9
 339.9
crowd: 5.5 340.3
 340.3
crowd: 5.55 340.7
 340.7
crowd: 5.15 341.1
 341.1
crowd: 4.73 341.5
 341.5
crowd: 4.73 341.9
 341.9
crowd: 3.89 342.3
 342.3
 346.3
crowd: 3.72 346.3
 346.7
crowd: 4.62 346.7
 347.1
crowd: 4.61 347.1
 347.5
crowd: 5.09 347.5
 347.9
crowd: 4.78 347.9
crowd: 5.29 348.3
 348.3
crowd: 5.58 348.7
 348.7
crowd: 5.62 349.1
 349.1
crowd: 5.76 349.5
 349.5
crowd: 5.46 349.9
 349.9
crowd: 5.47 350.3
 350.3
crowd: 5.19 350.7
 350.7
crowd: 5.5 351.1
 351.1
crowd: 5.18 351.5
 351.5
crowd: 5.29 351.9
 351.9
crowd: 5.18 352.3
 352.3
crowd: 5.26 352.7
 352.7
crowd: 4.99 353.1
 353.1
crowd: 4.82 353.5
 353.5
crowd: 4.87 353.9
 353.9
crowd: 4.88 354.3
 354.3
crowd: 4.96 354.7
 354.7
crowd: 4.54 355.1
 355.1
crowd: 4.45 355.5
 355.5
crowd: 4.01 355.9
crowd: 3.37 356.3
crowd: 3.54 358.3
 358.3
crowd: 4.53 358.7
 358.7
crowd: 5.25 359.1
 359.1
crowd: 5.69 359.5
 359.5
crowd: 5.78 359.9
 359.9
crowd: 5.8 360.3
 360.3
crowd: 5.68 360.7
 360.7
crowd: 5.78 361.1
 361.1
crowd: 5.86 361.5
 361.5
crowd: 5.98 361.9
 361.9
crowd: 6.08 362.3
 362.3
crowd: 6.18 362.7
crowd: 5.98 363.1
crowd: 5.5 363.5
 363.5
crowd: 5.31 363.9
 363.9
crowd: 5.49 364.3
 364.3
crowd: 5.66 364.7
 364.7
crowd: 5.65 365.1
 365.1
crowd: 5.59 365.5
 365.5
crowd: 5.21 365.9
 365.9
crowd: 5.13 366.3
 366.3
crowd: 4.61 366.7
 366.7
crowd: 4.41 367.1
 367.1
crowd: 4.21 367.5
 367.5
crowd: 4.58 367.9
 367.9
crowd: 4.85 368.3
 368.3
crowd: 5.23 368.7
 368.7
crowd: 5.34 369.1
 369.1
crowd: 5.34 369.5
 369.5
crowd: 5.35 369.9
 369.9
crowd: 5.35 370.3
 370.3
crowd: 5.25 370.7
 370.7
crowd: 5.03 371.1
 371.1
crowd: 5.0 371.5
 371.5
crowd: 4.76 371.9
 371.9
crowd: 4.88 372.3
 372.3
crowd: 4.98 372.7
crowd: 5.07 373.1
crowd: 4.77 373.5
crowd: 4.88 373.9
crowd: 4.91 374.3
crowd: 4.81 374.7
crowd: 4.81 375.1
crowd: 4.43 375.5
crowd: 4.78 375.9
crowd: 4.86 376.3
crowd: 4.83 376.7
crowd: 4.44 377.1
crowd: 4.67 377.5
crowd: 5.21 377.9
crowd: 5.49 378.3
crowd: 5.55 378.7
crowd: 5.11 379.1
crowd: 5.14 379.5
crowd: 4.89 379.9
crowd: 4.39 380.3
crowd: 3.8 380.7
crowd: 4.26 381.1
crowd: 4.63 381.5
crowd: 4.86 381.9
crowd: 4.74 382.3
 382.3
crowd: 5.31 382.7
 382.7
crowd: 5.43 383.1
 383.1
crowd: 5.61 383.5
 383.5
crowd: 5.27 383.9
crowd: 5.36 384.3
crowd: 4.9 384.7
crowd: 4.54 385.1
crowd: 3.92 385.5
crowd: 3.87 385.9
crowd: 4.13 386.3
crowd: 4.63 386.7
crowd: 5.01 387.1
crowd: 5.41 387.5
crowd: 5.43 387.9
 387.9
crowd: 5.19 388.3
 388.3
 388.7
crowd: 5.1 388.7
 389.1
crowd: 4.99 389.1
crowd: 5.12 389.5
 389.5
crowd: 4.84 389.9
 389.9
crowd: 4.58 390.3
 390.3
crowd: 4.8 390.7
 390.7
crowd: 4.86 391.1
 391.1
 391.5
crowd: 4.82 391.5
 391.9
crowd: 4.46 391.9
 392.3
crowd: 3.65 392.3
 392.7
 393.1
 393.5
 393.9
 394.3
 394.7
 395.1
 395.5
crowd: 3.55 395.5
 395.9
crowd: 4.38 395.9
crowd: 4.93 396.3
 396.3
crowd: 4.99 396.7
 396.7
crowd: 4.85 397.1
 397.1
crowd: 4.56 397.5
 397.5
crowd: 4.44 397.9
 397.9
crowd: 4.4 398.3
crowd: 4.44 398.7
crowd: 4.67 399.1
crowd: 4.98 399.5
crowd: 4.73 399.9
crowd: 4.79 400.3
crowd: 4.82 400.7
crowd: 5.01 401.1
crowd: 4.75 401.5
crowd: 4.47 401.9
crowd: 4.05 402.3
crowd: 4.6 402.7
crowd: 5.0 403.1
crowd: 5.38 403.5
 403.5
crowd: 5.75 403.9
 403.9
crowd: 5.39 404.3
 404.3
crowd: 5.14 404.7
 404.7
crowd: 5.17 405.1
 405.1
crowd: 4.31 405.5
 405.5
crowd: 3.73 405.9
crowd: 3.61 406.3
crowd: 3.89 406.7
crowd: 4.58 407.1
crowd: 4.3 407.5
crowd: 4.23 407.9
crowd: 4.7 408.3
crowd: 4.82 408.7
crowd: 4.11 409.1
crowd: 3.73 409.5
crowd: 3.9 409.9
crowd: 4.22 410.3
crowd: 4.01 410.7
crowd: 3.84 411.1
crowd: 3.12 411.5
crowd: 3.29 411.9
crowd: 3.46 412.3
crowd: 3.85 412.7
crowd: 4.47 413.1
crowd: 4.81 413.5
crowd: 4.23 413.9
